confusion matrix:
 [[ 343.    0.    6.    2.    3.    1.    3.    0.    1.    0.]
 [   0.  251.    2.    1.    4.    0.    5.    0.    0.    1.]
 [  11.    0.  152.    8.    7.    0.   12.    3.    3.    2.]
 [   6.    1.    6.  126.    0.   17.    2.    2.    4.    2.]
 [   0.    2.    6.    0.  164.    2.    8.    1.    9.    8.]
 [  11.    1.    1.   18.    4.  104.    5.    9.    5.    2.]
 [   3.    0.    5.    2.    2.    5.  153.    0.    0.    0.]
 [   0.    0.    1.    2.    5.    0.    0.  128.    4.    7.]
 [   5.    3.   12.   16.    8.   10.    5.    6.   97.    4.]
 [   0.    2.    1.    5.    5.    0.    0.    9.    4.  151.]]