Features: Deep, 256
feature to split: all
n_estimators=10
criterion="entropy"


confusion:
 [[ 889.   10.   28.   11.    8.    3.    3.    2.   33.   13.]
 [  10.  940.    1.    1.    0.    0.    3.    2.   10.   33.]
 [  37.    3.  799.   28.   43.   41.   28.   13.    6.    2.]
 [  15.    5.   44.  757.   30.   75.   41.   23.    7.    3.]
 [  12.    0.   35.   33.  875.   13.    8.   21.    3.    0.]
 [   5.    3.   26.  109.   32.  793.    6.   22.    1.    3.]
 [   3.    1.   20.   41.   15.    7.  906.    5.    2.    0.]
 [  10.    0.   14.   19.   28.   38.    3.  881.    1.    6.]
 [  38.   14.   10.    5.    3.    1.    2.    1.  917.    9.]
 [  18.   37.    4.   11.    2.    0.    3.    2.   12.  911.]]


Test Accuracy: 0.8668
