Features: Deep, 256
feature to split: all
n_estimators=20
criterion="entropy"


confusion:
 [[ 892.    8.   29.   10.    8.    2.    3.    2.   32.   14.]
 [   6.  946.    0.    3.    0.    1.    3.    1.   12.   28.]
 [  38.    2.  806.   31.   37.   39.   25.   14.    6.    2.]
 [  11.    3.   49.  743.   30.   76.   45.   26.   11.    6.]
 [   7.    0.   38.   28.  881.   14.    9.   20.    3.    0.]
 [   3.    3.   27.   99.   28.  804.    7.   25.    1.    3.]
 [   2.    0.   22.   41.   14.    1.  911.    5.    2.    2.]
 [   7.    0.   12.   22.   25.   34.    2.  890.    1.    7.]
 [  36.   12.    9.    5.    3.    0.    2.    1.  925.    7.]
 [  19.   34.    3.   11.    2.    0.    4.    1.   14.  912.]]

Test Accuracy: 0.8701
