Features: Deep, 256
feature to split: all
n_estimators=80
criterion="entropy"


confusion:
 [[ 892.   10.   24.   11.    8.    2.    3.    2.   35.   13.]
 [   7.  942.    0.    2.    0.    2.    3.    1.   11.   32.]
 [  37.    1.  807.   24.   40.   41.   27.   14.    6.    3.]
 [  10.    2.   48.  748.   32.   81.   39.   24.   11.    5.]
 [   9.    0.   36.   29.  878.   14.    8.   23.    3.    0.]
 [   4.    3.   26.  105.   28.  797.    6.   26.    2.    3.]
 [   2.    0.   24.   36.   12.    6.  911.    5.    2.    2.]
 [   7.    0.   13.   16.   29.   35.    1.  891.    1.    7.]
 [  34.   12.    9.    3.    3.    2.    2.    1.  927.    7.]
 [  17.   31.    2.   10.    2.    0.    5.    1.   14.  918.]]

Test Accuracy: 0.8711
