Features: Deep, 256
feature to split: all
n_estimators=80
criterion="gini"


confusion:
 [[ 879.    9.   29.   10.    9.    3.    2.    4.   38.   17.]
 [   9.  939.    0.    4.    1.    0.    4.    1.   12.   30.]
 [  35.    3.  812.   29.   40.   40.   24.   13.    3.    1.]
 [  11.    1.   46.  746.   36.   84.   38.   24.    8.    6.]
 [  10.    0.   33.   28.  875.   16.    9.   25.    4.    0.]
 [   2.    2.   25.  100.   26.  804.   11.   24.    2.    4.]
 [   1.    0.   20.   37.   17.    1.  918.    5.    1.    0.]
 [   6.    1.   14.   17.   27.   39.    2.  888.    1.    5.]
 [  36.   10.    8.    3.    3.    1.    2.    0.  928.    9.]
 [  14.   33.    5.    9.    1.    1.    4.    2.   17.  914.]]


Test Accuracy: 0.8703
