Features: BOF, 256
feature to split: all
n_estimators=80
criterion="gini"


confusion:
 [[ 334.  117.   50.   63.   50.   46.   43.   45.  157.   95.]
 [ 100.  189.   49.  100.   93.   91.   81.  108.   72.  117.]
 [ 179.   94.   49.   89.  128.   92.  137.   67.   94.   71.]
 [  81.  129.   57.  110.  127.  137.  103.   82.   72.  102.]
 [  37.   69.   38.   79.  230.   89.  253.   94.   35.   76.]
 [  59.  105.   42.  114.  116.  206.  103.   92.   68.   95.]
 [  37.   75.   42.   81.  229.   97.  291.   60.   29.   59.]
 [  59.  146.   37.  101.  122.  116.  104.  148.   54.  113.]
 [ 209.  107.   39.   93.   75.   85.   54.   79.  175.   84.]
 [ 128.  148.   37.   88.   93.   94.   71.  111.   80.  150.]]

Test Accuracy: 0.1882