Features: BOF, 1024
feature to split: all
n_estimators=80
criterion="gini"


confusion:
 [[ 324.   99.   51.   53.   73.   57.   53.   54.  139.   97.]
 [ 114.  157.   49.   96.   96.   91.   93.   94.   82.  128.]
 [ 149.   89.   50.   77.  132.  106.  161.   64.   92.   80.]
 [  74.  102.   42.  105.  140.  126.  141.   80.   86.  104.]
 [  25.   68.   42.   66.  259.   71.  270.   64.   51.   84.]
 [  64.  102.   40.  105.  120.  195.  156.   64.   63.   91.]
 [  42.   80.   21.   54.  249.   68.  337.   53.   44.   52.]
 [  58.  110.   51.   83.  152.  108.  130.  122.   69.  117.]
 [ 200.   98.   55.   68.   74.   79.   65.   63.  181.  117.]
 [ 113.  144.   36.   69.   99.   79.  103.   91.   85.  181.]]

Test Accuracy: 0.1911