confusion matrix:
 [[ 327.    2.   10.    3.    3.    2.    4.    5.    1.    2.]
 [   0.  258.    0.    2.    0.    0.    0.    1.    0.    3.]
 [  10.    0.  126.   16.    7.   13.   11.    3.    7.    5.]
 [   0.    0.   20.  113.   11.    7.    2.    4.    2.    7.]
 [   4.    2.   20.   20.   84.    1.   18.   27.   15.    9.]
 [  10.    1.   38.   23.   13.   42.    5.   19.    3.    6.]
 [   3.    9.    8.    1.   12.    7.  112.   10.    0.    8.]
 [   7.    1.   13.    7.    5.   13.    8.   84.    5.    4.]
 [  11.    2.   38.   25.   18.    5.    6.   23.   32.    6.]
 [   3.   10.    3.    4.    3.    3.    8.    3.    0.  140.]]