confusion matrix:
 [[ 343.    0.    5.    1.    3.    1.    5.    0.    0.    1.]
 [   0.  249.    1.    2.    2.    0.    5.    3.    1.    1.]
 [   3.    0.  162.   12.    8.    2.    6.    0.    5.    0.]
 [   5.    0.    1.  137.    1.   14.    0.    2.    4.    2.]
 [   1.    3.    6.    0.  169.    3.    2.    2.    3.   11.]
 [  13.    0.    2.    8.    4.  124.    3.    1.    3.    2.]
 [   6.    0.    1.    0.    3.    2.  155.    0.    3.    0.]
 [   1.    0.    1.    1.    6.    2.    0.  127.    2.    7.]
 [   5.    1.    6.    7.    7.    6.    0.    2.  131.    1.]
 [   0.    0.    0.    1.    8.    1.    0.    6.    1.  160.]]