confusion matrix:
 [[ 340.    0.    7.    0.    0.    1.    6.    0.    5.    0.]
 [   2.  248.    2.    1.    0.    0.    1.    2.    4.    4.]
 [   4.    6.  159.    8.    4.    3.    2.    1.    5.    6.]
 [   7.    0.    5.  126.    6.    5.    4.    0.   10.    3.]
 [   7.   12.   16.   14.  120.    5.    5.    2.   12.    7.]
 [   5.   14.   13.   14.    8.   74.    5.    1.   11.   15.]
 [   3.    7.    1.    9.    9.    3.  128.    2.    7.    1.]
 [   7.   15.    3.    8.    3.    3.   11.   55.   34.    8.]
 [   5.    2.    7.    7.    6.    4.    8.    1.  124.    2.]
 [   3.    3.    3.    1.    3.    7.    4.    0.    4.  149.]]