confusion matrix:
 [[ 335.    0.    0.    0.    2.    9.    0.    5.    0.    8.]
 [   0.  257.    0.    0.    1.    0.    0.    0.    0.    6.]
 [   3.    2.    0.    0.   22.  135.    4.   21.    0.   11.]
 [   0.    5.    0.    0.   10.  111.    3.   22.    0.   15.]
 [   2.    0.    0.    0.  166.   13.   16.    2.    0.    1.]
 [   3.    0.    0.    0.    3.  136.    2.   12.    0.    4.]
 [   1.    1.    0.    0.   10.   18.  131.    4.    0.    5.]
 [   1.    1.    0.    0.   11.   19.    0.  114.    0.    1.]
 [   7.    4.    0.    0.   18.   87.    5.   30.    0.   15.]
 [   1.    3.    0.    0.    0.    1.    0.    1.    0.  171.]]