confusion matrix:
 [[ 320.    0.    5.    8.    6.    3.    5.    9.    1.    2.]
 [   0.  252.    1.    3.    1.    1.    3.    0.    0.    3.]
 [   8.    0.  127.   14.    7.   11.    2.   11.   16.    2.]
 [   0.    3.   15.  106.    7.   18.    2.    5.    7.    3.]
 [   8.    3.   23.   28.   65.    9.   13.   15.   18.   18.]
 [   7.    0.   20.   18.    1.   76.    6.   14.   11.    7.]
 [   5.    7.    3.   11.   17.    2.  112.    6.    3.    4.]
 [   5.    1.    9.    6.    7.    5.    3.  103.    5.    3.]
 [   8.    1.   24.   20.    9.   18.   12.    9.   56.    9.]
 [   3.    3.    4.    1.    6.    1.    3.    0.    9.  147.]]