1 -3.89959 4.47883 -1.87033
0 -3.10639 -3.67881 -1.42034
0 -2.29876 -3.12497 -2.65015
1 -3.07219 1.62148 -2.81008
0 -4.10733 -3.04280 -3.00660
0 -4.47419 -3.14032 -2.79459
0 -3.24234 -2.74987 -3.58020
1 -1.98441 2.17225 -4.29469
0 -2.10204 -3.11832 -2.63635
1 -3.55902 3.47867 -5.18483
1 -4.04631 2.88518 -3.51511
0 -2.48716 -3.45042 -1.91584
0 -4.62290 -3.56358 -1.82041
0 0.12755 -2.22444 -4.54823
0 -2.38035 -2.93001 -3.08701
1 -2.13967 4.80413 -2.20539
1 -3.61744 2.38092 -2.64830
1 -4.35984 2.67073 -4.28726
1 -2.45498 2.27938 -3.34760
1 -3.24514 3.22305 -2.91051
0 -3.23052 -3.20724 -2.52192
1 -3.63430 3.79288 -3.36869
1 -3.63315 4.72350 -1.11843
0 -5.46905 -2.49978 -4.39644
1 -1.06710 2.60610 -0.72850
0 -2.55817 -3.19222 -2.54198
0 -3.61556 -3.14163 -2.73738
1 -4.24333 3.65654 -3.66903
0 -1.94448 -3.42116 -1.95294
0 -4.51212 -4.09673 -0.56323
1 -2.84348 3.48043 -1.37238
1 -2.79317 4.41425 -3.01198
0 -3.75588 -3.19471 -2.59089
1 -4.15207 3.30052 -5.33071
0 -1.95208 -2.94367 -3.06210
1 -2.76782 3.55927 -2.84385
1 -3.00721 2.46827 -3.72814
1 -3.58622 4.20249 -1.68825
0 -3.56635 -2.72666 -3.65422
1 -3.70793 2.84861 -2.79148
1 -3.72727 4.09278 -4.74011
0 -1.20166 -3.04340 -2.75604
1 -2.85888 3.49177 -1.95060
1 -1.58807 1.97077 -1.12140
1 -2.67453 2.16756 -1.77588
1 -3.21032 5.39542 -3.28048
0 -3.14380 -3.13821 -2.65728
1 -3.53740 1.91897 -2.21729
1 -3.64186 3.82405 -2.60271
0 -2.53233 -2.62936 -3.81187
1 -3.67313 4.49919 -2.48491
0 -0.53699 -2.52200 -3.92467
1 -4.13265 4.54432 -4.07317
0 -1.55859 -3.18521 -2.45165
1 -3.09466 3.63933 -1.94544
1 -3.35177 3.62390 -3.76845
0 -4.31766 -3.29760 -2.42779
0 -4.96666 -2.23649 -4.89346
0 -2.03721 -2.32617 -4.46536
0 -3.51445 -2.35413 -4.54323
0 -2.98900 -3.61337 -1.55723
0 -2.33604 -2.89204 -3.22032
1 -1.31431 3.00123 -3.05308
1 -1.62443 2.54591 -1.43647
0 -3.89694 -3.24539 -2.51857
0 -2.85275 -2.76625 -3.51496
0 -4.05963 -3.04032 -3.00985
0 -2.44974 -2.62645 -3.85380
1 -4.07756 4.88668 -3.71087
1 -3.83550 5.28714 -5.07253
1 -3.92173 3.92458 -4.22785
0 -3.25992 -2.69104 -3.69783
0 -3.45018 -3.05306 -2.89743
1 -3.03614 4.28785 -1.20075
1 -4.08619 3.22367 -3.02827
1 -2.82576 3.28922 -4.91965
0 -3.35666 -2.95131 -3.15051
0 0.18655 -3.42877 -1.74325
0 -2.91743 -3.18593 -2.57217
0 -3.93900 -3.15893 -2.69865
1 -3.65568 4.11016 -2.53579
0 -3.72097 -3.07486 -2.92285
1 -4.02161 3.50174 -2.01139
0 -7.41442 -3.95760 -1.12551
0 -0.58373 -2.33453 -4.34942
1 -2.82084 3.40349 -3.07381
1 -2.13807 0.30421 -2.82222
1 -2.03742 3.85878 -2.04675
0 -4.41288 -2.64175 -3.94693
0 -1.79253 -3.66775 -1.36569
0 -1.40681 -2.55562 -3.89482
0 -1.76205 -2.92829 -3.09609
1 -3.35242 2.56881 -2.35787
1 -4.06969 5.62641 -2.30754
1 -3.14029 2.31500 -4.98090
0 -1.96645 -2.61932 -3.82614
1 -3.46931 3.40377 -4.94379
0 -1.63829 -2.48237 -4.07061
1 -3.09552 4.72660 -1.28112
0 -3.51901 -3.46460 -1.97076
