1 0.50443 -1.61968 1.37338
0 -4.09749 -0.54190 -2.32129
1 -1.10763 0.11487 2.57361
0 -3.16488 0.38444 -1.65159
0 -4.98444 -0.27508 -3.41138
0 -4.05424 -1.31709 -1.80159
1 -0.76361 -0.33995 2.38708
1 0.85985 -0.69258 2.56670
0 -4.70045 -1.32023 -2.49443
1 -0.70111 -1.32284 1.46875
1 -0.35885 -0.82897 1.82639
0 -2.90548 0.45453 -1.80495
1 -0.22628 -1.71463 1.40654
1 0.14363 -0.30083 2.89233
0 -3.75598 -1.72981 -1.11550
1 0.75815 -0.44445 2.61143
0 -4.26276 -1.72132 -1.62442
1 0.84978 -1.19661 2.03954
0 -3.64860 -1.50536 -0.81652
1 0.30651 -1.32452 1.71774
0 -4.37790 -1.08428 -2.26766
1 -1.44747 0.35053 2.60810
0 -3.76642 0.59421 -2.59355
1 -1.20713 -0.70203 1.70555
0 -3.27562 -1.00311 -0.83687
1 -0.41402 -0.78423 2.06732
0 -3.35633 0.55151 -2.46961
0 -3.41475 0.19278 -1.89269
0 -3.09180 -1.01092 -0.66918
1 -0.53121 -0.08769 2.31419
0 -4.64254 -1.26999 -2.30941
1 0.19164 -0.35147 2.83980
0 -3.79819 -1.48640 -1.44985
1 0.27439 -0.65197 2.40813
0 -4.85769 -0.88815 -3.19885
0 -4.33199 -0.23130 -2.83127
0 -4.08315 -1.41058 -1.56728
1 -0.40217 -1.42619 1.42919
1 0.18834 -0.59673 2.43353
0 -3.89800 -2.29410 -0.87836
0 -4.06086 -0.71776 -2.36609
0 -3.25601 -1.23733 -0.97892
1 -0.65874 -0.56448 2.30005
0 -4.37521 0.75606 -4.04017
0 -4.31443 -0.49574 -2.64628
1 0.89507 -1.02886 2.35376
1 0.20993 -0.18325 2.76907
1 0.24645 -0.69538 2.53969
0 -3.62819 -1.19582 -1.55388
0 -4.86230 -2.04671 -2.27969
1 0.33952 0.28607 3.31428
1 -0.52236 -0.43853 2.16066
0 -4.84393 0.93551 -4.23293
1 0.77836 -1.81383 1.65373
1 -1.03747 -0.51688 2.10403
1 -0.74576 -0.92577 1.78461
1 -0.08343 -1.40921 1.54315
0 -3.59506 -2.10857 -0.65444
0 -4.19498 0.17811 -2.89231
0 -4.12120 -0.00222 -2.65463
0 -3.98825 -2.88016 -0.41575
1 -0.18782 -1.10250 1.93858
0 -4.26018 -2.81214 -0.79227
0 -4.95710 -1.69324 -2.42903
0 -4.17955 -2.59235 -1.01611
1 0.02860 -0.43394 2.45772
0 -4.33500 -2.48910 -1.19603
1 -0.47489 -0.01382 2.49792
1 0.88322 -1.03135 2.26981
1 2.18311 -1.29771 2.65047
1 0.42509 -0.92216 2.28387
1 0.53529 -1.80999 1.33427
0 -3.15372 0.15511 -2.06026
0 -4.15516 -0.38628 -2.55376
0 -4.13457 -1.11185 -2.01025
1 0.42668 -1.35383 1.68460
1 1.37356 -0.93355 2.92616
1 0.52476 -0.44944 2.74308
0 -3.42955 -0.69813 -1.72602
1 0.12508 -1.02491 1.94064
0 -4.36277 -0.98914 -2.26682
1 0.88606 -1.08014 2.18042
0 -2.85624 0.92597 -2.31388
1 1.10449 -1.09361 2.29190
0 -4.22744 -1.41154 -2.07222
0 -3.51679 1.92579 -3.62570
0 -3.12894 0.64670 -2.24453
1 0.00392 -0.19417 2.77172
1 0.54259 -1.28336 1.89441
0 -4.25577 -0.63711 -2.30839
0 -3.65286 -0.32426 -1.95829
0 -3.88455 -4.01497 0.61484
1 0.20438 -0.72082 2.32071
0 -3.37693 -0.58462 -1.59693
1 1.44489 -1.73001 1.89981
1 -1.02060 -0.02732 2.64018
1 -0.09515 -0.06123 2.78122
1 0.84461 -1.78290 1.58332
1 -0.65433 -0.30439 2.62007
0 -3.08152 0.60426 -1.95211
