0 1.72058 -2.37451 -0.52567
1 -0.11319 0.45686 0.44353
0 3.19028 -2.23283 -1.11671
0 0.56626 -1.41433 -1.04387
0 -0.06235 -1.07355 -0.85761
0 0.08051 -1.79409 -0.47161
0 -0.43656 -1.79667 -0.35060
0 1.97768 -1.34756 -1.49235
1 3.56521 -1.32602 4.09152
1 -3.23515 0.51656 -2.13839
0 1.68022 -2.24710 -0.72331
0 1.01483 -0.47716 -1.95939
0 -0.06020 -2.07312 -0.35192
0 1.24229 -1.86365 -0.88409
0 0.93519 -2.11605 -0.48729
1 0.77036 0.88066 0.99854
1 -0.31995 -1.78781 1.12101
0 0.34272 -0.31864 -1.80743
1 1.67802 0.23471 2.03000
1 1.49887 -1.68784 2.77333
0 1.69587 -2.18377 -0.87170
0 0.06364 -1.57771 -0.73016
1 -1.46688 -0.02260 -0.55754
1 -2.05056 0.37619 -0.99577
0 2.69897 -4.30404 0.54637
0 0.61091 -1.21862 -1.21161
1 2.75450 0.62582 2.64279
0 2.66361 -0.83180 -2.10220
1 -2.37518 0.04473 -1.19144
1 2.59544 0.05438 2.76433
1 1.32507 -0.31796 1.94933
1 2.26804 1.06384 2.04826
0 1.18665 -2.58724 -0.35388
0 -0.99604 -1.55341 -0.38276
0 0.02424 -0.29851 -1.71244
0 0.54236 -2.12708 -0.45848
0 -0.32743 -0.44608 -1.15721
1 0.43748 2.29165 -0.06437
0 1.36820 -2.68572 -0.30174
1 -0.90851 0.54829 -0.15418
1 1.58190 1.91141 1.10637
1 0.25333 1.09678 0.28455
1 0.82684 -0.41406 1.40543
0 0.97791 -2.59513 -0.18413
1 1.04121 1.59942 0.87507
0 0.31629 -2.08338 -0.37433
0 0.09421 -1.82416 -0.33282
0 1.50501 -1.91465 -1.11602
0 0.97514 -2.09978 -0.47340
0 -1.72190 -2.01779 0.14481
1 2.76359 1.10418 2.35089
1 3.00264 0.94852 2.52380
0 2.33991 -3.49464 0.01931
0 -0.02886 -1.52361 -0.65192
1 -0.33300 -0.46016 0.53811
0 0.60809 -1.40563 -0.81347
1 0.54036 0.72933 0.85889
1 0.51979 0.08922 1.08171
1 2.49539 0.09460 2.71853
1 1.48826 -0.40707 2.04835
0 -0.62838 -1.87134 -0.21870
0 0.46969 -2.11365 -0.47713
0 2.59121 -2.45878 -0.75260
0 1.14664 -1.42997 -1.10418
1 -2.63979 1.38471 -1.90570
0 0.30258 -2.48311 -0.11682
0 0.05608 -1.26509 -0.89253
1 2.04701 0.41835 2.00273
0 2.11520 -2.68452 -0.54132
0 2.13260 -3.28162 0.05331
0 0.52707 -1.94126 -0.63874
0 0.28256 -1.37627 -0.97806
1 -0.93186 -0.51271 0.25283
1 -0.99181 -1.25981 0.53637
1 0.11123 0.34630 0.58712
0 0.48195 -1.99469 -0.35324
0 0.32674 -0.40891 -1.62169
0 0.72059 -1.55046 -0.94599
1 -1.34737 0.74310 -0.72969
1 3.47310 -0.36989 3.60487
1 0.34125 0.65612 0.78643
1 1.72443 -0.95886 2.55022
1 1.58217 -0.08706 2.17903
1 1.52106 1.92470 0.84791
0 1.65369 -1.49750 -1.21525
1 0.21062 -1.23780 1.35253
1 0.69726 1.20737 0.75800
0 1.87216 -1.19941 -1.56462
1 -0.85949 0.42552 -0.27320
1 0.25269 1.57085 0.17150
1 2.77989 0.40090 2.65079
1 1.16466 -0.74979 1.67797
1 0.76521 1.96389 0.38553
1 3.18103 1.93343 2.31526
1 3.00581 0.60369 2.76031
1 1.47124 1.05297 1.35355
0 1.66157 -2.09904 -0.91408
1 -0.10600 -0.44253 0.76748
0 -1.12273 -2.14524 0.18311
1 1.93288 -0.10843 2.27309
